[array([0.5, 0.5]), array([0.1, 0.1]), array([0.1, 0.1, 0.1]), array([0.5, 0.5, 0.5, 0.5]), array([0.3, 0.3, 0.3, 0.3]), array([0.75, 0.75, 0.75, 0.75, 0.75]), array([1., 1., 1., 1., 1., 1.]), array([0.1, 0.1, 0.1, 0.1, 0.1, 0.1, 0.1, 0.1])]
[array([0.15, 0.15]), array([0.12, 0.08]), array([0.2, 0.2, 0.2]), array([0.3, 0.3, 0.3, 0.3]), array([0.28, 0.32, 0.3 , 0.29]), array([0.3, 0.3, 0.3, 0.3, 0.3]), array([0.2, 0.2, 0.2, 0.2, 0.2, 0.2]), array([0.12, 0.09, 0.11, 0.1 , 0.08, 0.13, 0.11, 0.09])]
[array([1.718776, 0.354284]), array([0.21161 , 0.111229]), array([0.123105, 0.025252, 0.134332]), array([0.444081, 0.290589, 0.353209, 1.246981]), array([0.344822, 0.264687, 0.374156, 0.203902]), array([0.489055, 0.019291, 0.44768 , 0.402488, 0.315673]), array([0.213787, 0.185417, 0.205796, 0.191078, 0.174785, 0.191819]), array([0.288486, 0.250604, 0.018629, 0.285988, 0.135625, 0.216996,
       0.248538, 0.295101])]
[array([0.4, 0.6]), array([0.140809, 0.140809]), array([0.948885, 0.965632, 0.808397]), array([0.508976, 0.603946, 0.565201, 0.012198]), array([0.196828, 0.320017, 0.3     , 0.289958]), array([0.688569, 0.001   , 0.03538 , 0.001   , 0.001   ]), array([0.083203, 0.323548, 0.150894, 0.275587, 0.413623, 0.269309]), array([1.   , 0.001, 1.   , 0.001, 0.001, 1.   , 1.   , 0.001])]
[array([0.45 , 0.001]), array([0.081304, 0.081342]), array([1.057448, 1.242614, 1.243471]), array([0.664887, 0.3     , 0.3     , 0.362832]), array([0.99, 0.9 , 0.98, 0.93]), array([0.263954, 0.179681, 0.504319, 0.482932, 0.414228]), array([0.05, 0.5 , 0.25, 0.2 , 0.15, 0.85]), array([0.05, 0.25, 0.25, 0.25, 0.25, 0.25, 0.05, 0.05])]
[array([0.45, 0.45]), array([0.111, 0.1  ]), array([0.928, 0.832, 0.004]), array([0.2 , 0.2 , 0.95, 0.4 ]), array([0.985, 0.905, 0.975, 0.925]), array([0.1, 0.1, 0.7, 0.7, 0.6]), array([0.06, 0.48, 0.25, 0.2 , 0.4 , 0.75]), array([0.18, 0.15, 0.2 , 0.15, 0.25, 0.15, 0.15, 0.18])]
[array([0.48, 0.48]), array([0.11, 0.1 ]), array([0.99, 0.99, 0.99]), array([0.65, 0.65, 0.65, 0.65]), array([1.   , 0.853, 1.   , 0.977]), array([0.15, 0.15, 0.5 , 0.5 , 0.7 ]), array([0.038, 0.462, 0.239, 0.171, 0.378, 0.734]), array([0.177, 0.194, 0.17 , 0.194, 0.294, 0.143, 0.109, 0.208])]
[array([0.405, 0.428]), array([0.111, 0.1  ]), array([0.944, 0.965, 0.807]), array([0.498, 0.502, 0.5  , 0.5  ]), array([0.855, 0.852, 1.   , 0.979]), array([0.258, 0.178, 0.501, 0.482, 0.412]), array([0.039, 0.463, 0.24 , 0.172, 0.379, 0.742]), array([0.179, 0.196, 0.172, 0.196, 0.292, 0.145, 0.111, 0.21 ])]
[array([0.403994, 0.424817]), array([0.100042, 0.103196]), array([0.954416, 0.96671 , 0.808259]), array([0.488703, 0.491179, 0.485028, 0.486178]), array([1.      , 0.830999, 1.      , 0.988351]), array([0.245246, 0.162093, 0.507258, 0.48185 , 0.418363]), array([0.022018, 0.448224, 0.257401, 0.152511, 0.397105, 0.694372]), array([0.20588 , 0.195099, 0.195658, 0.18844 , 0.323931, 0.147753,
       0.081536, 0.213205])]
[array([0.403994, 0.424817]), array([0.100042, 0.103196]), array([0.954416, 0.96671 , 0.808259]), array([0.488703, 0.491179, 0.485028, 0.486178]), array([1.      , 0.830999, 1.      , 0.988351]), array([0.245246, 0.162093, 0.507258, 0.48185 , 0.418363]), array([0.022018, 0.448224, 0.257401, 0.152511, 0.397105, 0.694372]), array([0.20588 , 0.195099, 0.195658, 0.18844 , 0.323931, 0.147753,
       0.081536, 0.213205])]
[array([0.41 , 0.433]), array([0.111, 0.101]), array([0.949, 0.966, 0.83 ]), array([0.501, 0.499, 0.501, 0.499]), array([1.   , 0.853, 1.   , 1.   ]), array([0.2  , 0.162, 0.507, 0.482, 0.418]), array([0.022, 0.448, 0.24 , 0.153, 0.397, 0.76 ]), array([0.207, 0.196, 0.197, 0.189, 0.325, 0.149, 0.083, 0.214])]